data=[		               -0.59722 1.28718 0.497406,
				  -0.633206 1.28593 0.54396,
				  -0.618099 1.2411 0.596349,
				  -1.19204 1.09552 0.884184,
				  -1.13821 1.14131 0.83497,
				  -1.16353 1.20427 0.740139,
				  -1.23417 1.16964 0.766856,
				  -0.863432 1.23737 0.735173,
				  -0.851484 1.15966 0.838217,
				  -0.703014 1.15657 0.830773,
				  -0.722067 1.22311 0.720747,
				  0.055553 1.18465 0.863162,
				  0.095485 1.24273 0.741037,
				  -0.034761 1.19515 0.722897,
				  -0.059347 1.16407 0.853949,
				  -0.908484 1.2629 -0.568371,
				  -0.972022 1.40818 -0.452744,
				  -0.835273 1.41565 -0.433285,
				  -0.763217 1.275 -0.543939,
				  -0.748389 0.742486 -0.673512,
				  -0.772619 0.865387 -0.680768,
				  -0.627264 0.881667 -0.656321,
				  -0.605863 0.759244 -0.641632,
				  -1.03975 1.52201 0.42907,
				  -1.0418 1.58921 0.315712,
				  -1.16551 1.5727 0.303796,
				  -1.15674 1.51343 0.418381,
				  -1.38036 1.02594 -0.445942,
				  -1.36871 1.00003 -0.519035,
				  -1.35189 0.920666 -0.539674,
				  -1.37863 0.95712 -0.413257,
				  -0.669214 0.102286 -0.553964,
				  -0.698686 0.246811 -0.59308,
				  -0.568474 0.275675 -0.5613,
				  -0.573734 0.116786 -0.524167,
				  1.25342 1.93295 0.075103,
				  1.28801 1.86588 0.087868,
				  1.31682 1.79785 -0.007441,
				  1.27703 1.89244 -0.056096,
				  1.25272 1.79058 0.356471,
				  1.27918 1.7946 0.273142,
				  1.2463 1.83561 0.315736,
				  1.31187 1.72947 0.338481,
				  -1.18599 0.942897 4.1403,
				  -1.23645 0.963329 4.70107,
				  -1.13006 1.04773 4.69765,
				  -1.06504 1.00616 4.10392,
				  -1.12542 0.905817 3.03181,
				  -1.1597 0.918645 3.58252,
				  -1.03875 0.981912 3.54614,
				  -0.990147 0.962869 3.00929,
				  -1.2057 1.28827 0.63849,
				  -1.21932 1.34166 0.590522,
				  -1.26671 1.33542 0.583442,
				  -1.27635 1.25364 0.665207,
				  -1.27698 1.36195 0.569523,
				  -1.22959 1.3682 0.576602,
				  -1.24108 1.42112 0.513528,
				  -1.30066 1.39006 0.508309,
				  -1.37963 0.973223 0.898048,
				  -1.28351 1.0306 0.94479,
				  -1.32564 1.10472 0.827462,
				  -1.33139 0.691091 4.1263,
				  -1.39227 0.708808 4.69981,
				  -1.32429 0.849301 4.69357,
				  -1.27383 0.828869 4.1328,
				  -1.1564 0.796928 2.04265,
				  -1.20467 0.667715 2.06281,
				  -1.21109 0.663332 2.53167,
				  -1.16135 0.795571 2.50828,
				  -1.48048 0.729552 0.764059,
				  -1.46963 0.87859 0.785844,
				  -1.5082 0.931139 0.638802,
				  -1.51411 0.731395 0.571135,
				  -1.38997 0.523123 0.929304,
				  -1.33497 0.32774 0.880998,
				  -1.29092 0.325258 1.12611,
				  -1.3277 0.510085 1.14135,
				  -1.23114 0.515314 2.09832,
				  -1.20934 0.3371 2.10168,
				  -1.22532 0.33243 2.56551,
				  -1.23757 0.510931 2.56717,
				  -1.50497 0.554063 5.28893,
				  -1.49884 0.376765 5.27526,
				  -1.27932 0.470788 5.32836,
				  -1.44343 0.216314 5.29859,
				  -1.34481 0.093309 5.29506,
				  -1.20906 0.221767 5.35169,
				  -1.09955 -0.014291 3.06034,
				  -1.15227 0.007097 3.57168,
				  -1.25513 0.147115 3.58599,
				  -1.20693 0.138908 3.06252,
				  -1.04296 -0.053991 1.36471,
				  -1.029 -0.041232 1.68933,
				  -1.15218 0.134889 1.68232,
				  -1.17483 0.127185 1.35421,
				  -1.34698 1.39048 0.410788,
				  -1.36776 1.43194 0.306977,
				  -1.3966 1.35466 0.334363,
				  -1.37374 1.3456 0.41915,
				  -1.48405 1.13428 0.406202,
				  -1.47391 1.12395 0.527717,
				  -1.42978 1.23248 0.525845,
				  -1.42345 1.28057 -0.106301,
				  -1.42717 1.23257 -0.203881,
				  -1.41142 1.15524 -0.256581,
				  -1.44493 1.11891 -0.058314,
				  -1.42644 1.25593 -0.034819,
				  -1.5283 0.784935 0.237079,
				  -1.52282 0.95378 0.273572,
				  -1.5042 0.948952 0.116618,
				  -1.5104 0.780495 0.128154,
				  -1.37235 1.57042 -0.011151,
				  -1.29898 1.58755 0.167896,
				  -1.28004 1.60009 0.022824,
				  -1.39251 1.54258 0.032755,
				  -1.37058 1.53868 0.17345,
				  -1.43962 1.38324 -0.137561,
				  -1.43377 1.45027 -0.122134,
				  -1.44064 1.36653 -0.274163,
				  -1.44334 1.33523 -0.235141,
				  -1.33979 0.79011 -0.477909,
				  -1.31921 0.78917 -0.556997,
				  -1.28935 0.677603 -0.565371,
				  -1.32655 0.688831 -0.456535,
				  -1.29276 0.524145 -0.468333,
				  -1.25556 0.512917 -0.577169,
				  -1.18277 0.333149 -0.56291,
				  -1.21957 0.340488 -0.479307,
				  -1.10777 -0.017056 -0.204203,
				  -1.20399 0.15121 -0.178749,
				  -1.15118 0.157238 -0.333937,
				  -1.07644 0.009341 -0.320395,
				  -1.48214 0.517694 0.286413,
				  -1.49185 0.558921 0.196072,
				  -1.47395 0.554481 0.087147,
				  -1.41713 0.326735 0.210863,
				  -1.17779 -0.036103 -0.042847,
				  -1.21644 -0.036588 0.133922,
				  -1.30953 0.135639 0.174837,
				  -1.27402 0.132164 -0.017393,
				  -1.03473 -0.289057 -0.057537,
				  -1.06007 -0.284014 0.067958,
				  -1.12464 -0.183574 0.119305,
				  -1.086 -0.183089 -0.057464,
				  -0.893707 -0.164851 -0.424707,
				  -0.870169 -0.116212 -0.46579,
				  -0.815338 -0.13877 -0.450586,
				  -0.790301 -0.377378 -0.243134,
				  -0.701262 -0.377303 -0.202267,
				  -0.727418 -0.486791 -0.027425,
				  -0.809473 -0.556717 0.355974,
				  -0.827329 -0.554476 0.184254,
				  -0.715918 -0.542055 0.183862,
				  -0.667312 -0.514736 0.398885,
				  -0.562849 -0.486289 0.199692,
				  -0.409579 -0.427942 0.230992,
				  -0.376822 -0.424256 0.376712,
				  -0.514243 -0.45897 0.414714,
				  -0.540154 -0.328665 -0.15929,
				  -0.401797 -0.276992 -0.120478,
				  -0.413041 -0.379806 0.046852,
				  -0.56631 -0.438154 0.015552,
				  -0.110941 -0.023657 -0.239181,
				  -0.247172 -0.057013 -0.259058,
				  -0.219879 0.102114 -0.370502,
				  -0.102581 0.114658 -0.344698,
				  -0.248667 -0.212893 -0.06938,
				  -0.112436 -0.179537 -0.049503,
				  -0.114294 -0.276184 0.118777,
				  -0.259911 -0.315708 0.09795,
				  0.10351 -0.310215 0.403911,
				  0.008635 -0.309354 0.400258,
				  0.025131 -0.302242 0.269478,
				  0.157711 -0.308924 0.27195,
				  0.389565 -0.242816 -0.081178,
				  0.367235 -0.31715 0.071008,
				  0.251417 -0.303836 0.108295,
				  0.247181 -0.213865 -0.070764,
				  -1.21762 0.03891 5.31964,
				  -1.07698 0.007675 5.3512,
				  -1.04779 0.137341 5.37628,
				  -0.956094 -0.112679 3.06315,
				  -0.771021 -0.165159 3.08241,
				  -0.845999 -0.135756 3.56658,
				  -1.00882 -0.091291 3.5745,
				  -0.851598 -0.205597 1.36963,
				  -0.605335 -0.26684 1.39257,
				  -0.627122 -0.250848 1.71276,
				  -0.837632 -0.192838 1.69425,
				  -0.881538 -0.280597 0.947474,
				  -0.624612 -0.322874 1.00147,
				  -0.62638 -0.296029 1.19999,
				  -0.872643 -0.234786 1.17704,
				  -0.750997 -0.105812 4.09481,
				  -0.581844 -0.069847 4.12278,
				  -0.696426 -0.034287 4.70149,
				  -0.838305 -0.057568 4.70391,
				  -0.422391 -0.214758 2.17471,
				  -0.209164 -0.161534 2.1951,
				  -0.287739 -0.147102 2.65591,
				  -0.479613 -0.190976 2.6301,
				  -0.117105 -0.28366 0.574544,
				  -0.02223 -0.284521 0.578197,
				  0.048646 -0.265347 0.614073,
				  0.003984 -0.223308 0.774241,
				  -0.350891 -0.347099 0.60666,
				  -0.213469 -0.312386 0.568658,
				  0.273273 -0.130026 0.981232,
				  0.546447 -0.045052 0.950804,
				  0.436539 -0.004342 1.22103,
				  0.21787 -0.10412 1.21343,
				  1.16556 0.201942 0.426719,
				  1.07299 0.133246 0.612093,
				  0.88831 0.023668 0.650077,
				  0.952106 -0.011336 0.414982,
				  1.09247 0.096826 0.344366,
				  0.318465 -0.312918 0.448951,
				  0.247589 -0.332092 0.413076,
				  0.30179 -0.330801 0.281114,
				  0.477637 -0.338393 0.282768,
				  0.451643 -0.314065 0.375246,
				  0.851695 -0.087043 -0.270133,
				  0.864544 0.066645 -0.386238,
				  0.99105 0.094111 -0.380355,
				  1.00984 0.032544 -0.284213,
				  0.890229 -0.09737 -0.159472,
				  0.607352 -0.294262 0.226773,
				  0.738254 -0.211533 0.115409,
				  0.740487 -0.176779 0.287601,
				  0.581358 -0.269933 0.31925,
				  1.34827 0.468905 0.27836,
				  1.40615 0.556082 0.130381,
				  1.46358 0.655655 0.198619,
