data=[  3.6070000e+000  1.7380000e+000  7.0000000e-002
  4.0860000e+000  1.7940000e+000  7.0000000e-002
  4.2740000e+000  1.8220000e+000  7.0000000e-002
  4.4710000e+000  2.0100000e+000  7.0000000e-002
  4.5750000e+000  2.2170000e+000  7.0000000e-002
  4.5840000e+000  2.4610000e+000  7.0000000e-002
  4.5280000e+000  2.6490000e+000  7.0000000e-002
  4.4050000e+000  2.7710000e+000  7.0000000e-002
  4.3020000e+000  2.7900000e+000  7.0000000e-002
  4.0300000e+000  2.8650000e+000  7.0000000e-002
  3.8700000e+000  2.9120000e+000  7.0000000e-002
  3.6540000e+000  2.9210000e+000  7.0000000e-002
  3.5410000e+000  2.9680000e+000  7.0000000e-002
  3.2880000e+000  3.0250000e+000  7.0000000e-002
  2.7050000e+000  3.0430000e+000  7.0000000e-002
  2.3480000e+000  2.9870000e+000  7.0000000e-002
  2.0570000e+000  3.0620000e+000  7.0000000e-002
  1.5030000e+000  3.0810000e+000  7.0000000e-002
  6.0100000e-001  2.9780000e+000  7.0000000e-002
  4.5100000e-001  2.9780000e+000  7.0000000e-002
  2.8200000e-001  2.9780000e+000  7.0000000e-002
  1.5000000e-001  2.8930000e+000  7.0000000e-002
  3.8000000e-002  2.6960000e+000  7.0000000e-002
  1.9000000e-002  2.4990000e+000  7.0000000e-002
  7.5000000e-002  2.2360000e+000  7.0000000e-002
  2.1600000e-001  2.0200000e+000  7.0000000e-002
  4.1300000e-001  1.8690000e+000  7.0000000e-002
  9.2100000e-001  1.7570000e+000  7.0000000e-002
  1.3240000e+000  1.5780000e+000  7.0000000e-002
  1.7470000e+000  1.4560000e+000  7.0000000e-002
  2.0670000e+000  1.4180000e+000  7.0000000e-002
  2.4890000e+000  1.4370000e+000  7.0000000e-002
  3.2220000e+000  1.5690000e+000  7.0000000e-002
  2.7620000e+000  1.5030000e+000  1.7000000e-001
  3.0530000e+000  1.5870000e+000  1.7000000e-001
  3.5600000e+000  1.7660000e+000  1.7000000e-001
  4.1410000e+000  1.7850000e+000  1.7000000e-001
  4.3120000e+000  1.8320000e+000  1.7000000e-001
  4.4990000e+000  2.0380000e+000  1.7000000e-001
  4.5650000e+000  2.2070000e+000  1.7000000e-001
  4.5460000e+000  2.4990000e+000  1.7000000e-001
  4.4710000e+000  2.6680000e+000  1.7000000e-001
  4.3400000e+000  2.7710000e+000  1.7000000e-001
  4.1990000e+000  2.7900000e+000  1.7000000e-001
  3.7860000e+000  2.9310000e+000  1.7000000e-001
  3.5980000e+000  2.9310000e+000  1.7000000e-001
  3.3820000e+000  3.0060000e+000  1.7000000e-001
  2.8090000e+000  3.0530000e+000  1.7000000e-001
  2.3300000e+000  2.9780000e+000  1.7000000e-001
  2.0380000e+000  3.0620000e+000  1.7000000e-001
  1.5780000e+000  3.0810000e+000  1.7000000e-001
  8.1700000e-001  2.9960000e+000  1.7000000e-001
  5.7300000e-001  2.9590000e+000  1.7000000e-001
  4.6000000e-001  2.9680000e+000  1.7000000e-001
  3.3800000e-001  2.9680000e+000  1.7000000e-001
  1.8800000e-001  2.8840000e+000  1.7000000e-001
  6.6000000e-002  2.6860000e+000  1.7000000e-001
  3.8000000e-002  2.4990000e+000  1.7000000e-001
  9.4000000e-002  2.1980000e+000  1.7000000e-001
  2.6300000e-001  1.9630000e+000  1.7000000e-001
  4.3200000e-001  1.8500000e+000  1.7000000e-001
  9.5800000e-001  1.7660000e+000  1.7000000e-001
  1.1740000e+000  1.7000000e+000  1.7000000e-001
  1.6250000e+000  1.5310000e+000  1.7000000e-001
  1.9820000e+000  1.4470000e+000  1.7000000e-001
  2.4420000e+000  1.4560000e+000  1.7000000e-001
  2.7620000e+000  1.5030000e+000  1.7000000e-001
  9.5800000e-001  1.7940000e+000  2.7000000e-001
  1.1180000e+000  1.7750000e+000  2.7000000e-001
  1.6340000e+000  1.5780000e+000  2.7000000e-001
  1.9070000e+000  1.4940000e+000  2.7000000e-001
  2.1890000e+000  1.4940000e+000  2.7000000e-001
  2.5080000e+000  1.4940000e+000  2.7000000e-001
  2.8270000e+000  1.5590000e+000  2.7000000e-001
  3.4840000e+000  1.7940000e+000  2.7000000e-001
  4.1240000e+000  1.7750000e+000  2.7000000e-001
  4.2930000e+000  1.8220000e+000  2.7000000e-001
  4.4150000e+000  1.9260000e+000  2.7000000e-001
  4.5280000e+000  2.1140000e+000  2.7000000e-001
  4.5280000e+000  2.3860000e+000  2.7000000e-001
  4.4620000e+000  2.5930000e+000  2.7000000e-001
  4.3210000e+000  2.7330000e+000  2.7000000e-001
  4.1050000e+000  2.7800000e+000  2.7000000e-001
  3.7660000e+000  2.9120000e+000  2.7000000e-001
  3.5600000e+000  2.9310000e+000  2.7000000e-001
  3.2970000e+000  2.9960000e+000  2.7000000e-001
  2.8370000e+000  3.0250000e+000  2.7000000e-001
  2.3480000e+000  2.9500000e+000  2.7000000e-001
  1.9630000e+000  3.0530000e+000  2.7000000e-001
  1.6250000e+000  3.0720000e+000  2.7000000e-001
  9.0200000e-001  2.9870000e+000  2.7000000e-001
  6.5800000e-001  2.9310000e+000  2.7000000e-001
  4.6000000e-001  2.9590000e+000  2.7000000e-001
  3.1900000e-001  2.9210000e+000  2.7000000e-001
  1.7800000e-001  2.7900000e+000  2.7000000e-001
  8.5000000e-002  2.5830000e+000  2.7000000e-001
  8.5000000e-002  2.3200000e+000  2.7000000e-001
  1.5000000e-001  2.1140000e+000  2.7000000e-001
  3.0100000e-001  1.9260000e+000  2.7000000e-001
  5.2600000e-001  1.8220000e+000  2.7000000e-001
  6.6700000e-001  1.8220000e+000  2.7000000e-001
  9.5800000e-001  1.7940000e+000  2.7000000e-001
  4.5180000e+000  2.2260000e+000  3.7000000e-001
  4.5090000e+000  2.2730000e+000  3.7000000e-001
  4.4620000e+000  2.4890000e+000  3.7000000e-001
  4.3490000e+000  2.6490000e+000  3.7000000e-001
  4.1610000e+000  2.7430000e+000  3.7000000e-001
  3.8610000e+000  2.8460000e+000  3.7000000e-001
  3.5410000e+000  2.9310000e+000  3.7000000e-001
  3.2780000e+000  2.9780000e+000  3.7000000e-001
  2.7990000e+000  2.9870000e+000  3.7000000e-001
  2.3480000e+000  2.9310000e+000  3.7000000e-001
  1.8600000e+000  3.0430000e+000  3.7000000e-001
  1.5030000e+000  3.0430000e+000  3.7000000e-001
  1.0610000e+000  2.9780000e+000  3.7000000e-001
  7.9800000e-001  2.9310000e+000  3.7000000e-001
  4.3200000e-001  2.9120000e+000  3.7000000e-001
  2.7200000e-001  2.8090000e+000  3.7000000e-001
  1.4100000e-001  2.5930000e+000  3.7000000e-001
  1.1300000e-001  2.2830000e+000  3.7000000e-001
  1.6000000e-001  2.0950000e+000  3.7000000e-001
  3.0100000e-001  1.9160000e+000  3.7000000e-001
  5.0700000e-001  1.8220000e+000  3.7000000e-001
  7.5100000e-001  1.8220000e+000  3.7000000e-001
  1.1270000e+000  1.8040000e+000  3.7000000e-001
  1.3810000e+000  1.7280000e+000  3.7000000e-001
  1.7100000e+000  1.5690000e+000  3.7000000e-001
  2.0200000e+000  1.5030000e+000  3.7000000e-001
  2.3010000e+000  1.5500000e+000  3.7000000e-001
  2.5270000e+000  1.5220000e+000  3.7000000e-001
  2.9400000e+000  1.6060000e+000  3.7000000e-001
  3.2410000e+000  1.7380000e+000  3.7000000e-001
  3.5040000e+000  1.8320000e+000  3.7000000e-001
  3.9550000e+000  1.7940000e+000  3.7000000e-001
  4.1800000e+000  1.7940000e+000  3.7000000e-001
  4.3680000e+000  1.8790000e+000  3.7000000e-001
  4.4810000e+000  2.0380000e+000  3.7000000e-001
  4.5180000e+000  2.2260000e+000  3.7000000e-001
  7.7000000e-001  1.8500000e+000  4.7000000e-001
  1.0520000e+000  1.8500000e+000  4.7000000e-001
  1.3150000e+000  1.8040000e+000  4.7000000e-001
  1.6910000e+000  1.6160000e+000  4.7000000e-001
  2.0010000e+000  1.5500000e+000  4.7000000e-001
  2.2640000e+000  1.5780000e+000  4.7000000e-001
  2.5270000e+000  1.5500000e+000  4.7000000e-001
  3.0430000e+000  1.6720000e+000  4.7000000e-001
  3.2690000e+000  1.7750000e+000  4.7000000e-001
  3.4750000e+000  1.8690000e+000  4.7000000e-001
  3.7660000e+000  1.8690000e+000  4.7000000e-001
  4.0490000e+000  1.8220000e+000  4.7000000e-001
  4.1990000e+000  1.8500000e+000  4.7000000e-001
  4.3300000e+000  1.9160000e+000  4.7000000e-001
  4.4340000e+000  2.0480000e+000  4.7000000e-001
  4.4620000e+000  2.2170000e+000  4.7000000e-001
  4.4340000e+000  2.4230000e+000  4.7000000e-001
  4.3400000e+000  2.5830000e+000  4.7000000e-001
  4.1520000e+000  2.7050000e+000  4.7000000e-001
  3.6160000e+000  2.8930000e+000  4.7000000e-001
  3.2410000e+000  2.9680000e+000  4.7000000e-001
  2.7710000e+000  2.9680000e+000  4.7000000e-001
  2.3860000e+000  2.9120000e+000  4.7000000e-001
  1.8880000e+000  3.0060000e+000  4.7000000e-001
  1.4470000e+000  3.0060000e+000  4.7000000e-001
